2.4549140000325043, 207.3619246166667, 112.03895653151406, 79, 348
3.223689000009633, 188.76693213333334, 104.11218003721115, 78, 362
3.6148000000121305, 207.3619246166667, 112.03895653151406, 79, 348
1.4105400000090917, 207.3619246166667, 112.03895653151406, 79, 348
1.4205439999890879, 207.3619246166667, 112.03895653151406, 79, 348
1.4299140000089416, 207.3619246166667, 112.03895653151406, 79, 348
0.8304080000235692, 200.65851734999998, 111.58567707462714, 75, 237
1.7901119999808035, 281.4162516666667, 161.45007588831365, 98, 798
15.082452999999967, 205.75147911666667, 113.5108969675617, 75, 75
2.964076000039811, 196.77634548333333, 3.212550246619935, 81, 301
4.614565000023579, 196.77634548333333, 3.212550246619935, 81, 301
1.0463640000041297, 250.12611191666667, 166.75074131632294, 97, 402
8.531776000140045, 2171.45547675, 1159.5965279395032, 630, 2706
